[DEFAULT]
version = MagnetiCalc v1.8.5
backend = 0
auto_calculation = True
num_cores = 0
wire_points_base = -0.500000, +0.000000, +0.000000; +0.500000, +0.000000, +0.000000
wire_stretch = 0.1000, 1.0000, 1.0000
wire_slicer_limit = 0.0500
wire_dc = 1.0000
rotational_symmetry_count = 30
rotational_symmetry_radius = 1.0000
rotational_symmetry_axis = 2
rotational_symmetry_offset = 0
sampling_volume_padding = 1, 1, 1
sampling_volume_resolution = 10
field_type = 1
field_distance_limit = 0.0008
color_metric = Log Magnitude
alpha_metric = Magnitude
field_point_scale = 1.0000
field_arrow_scale = 0.1250
field_boost = 0.0000
display_magnitude_labels = False
label_resolution = 1
show_wire_segments = True
show_wire_points = True
show_colored_labels = False
show_coordinate_system = True
show_perspective_info = True
dark_background = True
azimuth = 135
elevation = 35.264389682754654
scale_factor = 3.0000
constraint_count = 0

[User]
constraint_count = 3
scale_factor = 4.3923
azimuth = 135.0000
elevation = 35.2644
field_boost = 0.0000
constraint_norm_0 = Radius XY
constraint_comparison_0 = In Range
constraint_min_0 = 1.3700
constraint_max_0 = 2.2100
constraint_permeability_0 = 5000.0000
constraint_norm_1 = Z
constraint_comparison_1 = In Range
constraint_min_1 = -0.6350
constraint_max_1 = 0.6350
constraint_permeability_1 = 5000.0000
constraint_norm_2 = Radius
constraint_comparison_2 = In Range
constraint_min_2 = 0.0000
constraint_max_2 = 10.0000
constraint_permeability_2 = 0.0000
sampling_volume_resolution = 10
sampling_volume_padding = +2.000000, +2.000000, +2.000000
wire_dc = 1.0000
wire_points_base = +0.000000, -0.500000, +0.000000; +0.000000, -0.490393, +0.097545; +0.000000, -0.461940, +0.191342; +0.000000, -0.415735, +0.277785; +0.000000, -0.353553, +0.353553; +0.000000, -0.277785, +0.415735; +0.000000, -0.191342, +0.461940; +0.000000, -0.097545, +0.490393; +0.000000, -0.000000, +0.500000; +0.000000, +0.097545, +0.490393; +0.000000, +0.191342, +0.461940; +0.000000, +0.277785, +0.415735; +0.000000, +0.353553, +0.353553; +0.000000, +0.415735, +0.277785; +0.000000, +0.461940, +0.191342; +0.000000, +0.490393, +0.097545; +0.000000, +0.500000, +0.000000; +0.000000, +0.490393, -0.097545; +0.000000, +0.461940, -0.191342; +0.000000, +0.415735, -0.277785; +0.000000, +0.353553, -0.353553; +0.000000, +0.277785, -0.415735; +0.000000, +0.191342, -0.461940; +0.000000, +0.097545, -0.490393; +0.000000, +0.000000, -0.500000; +0.000000, -0.097545, -0.490393; +0.000000, -0.191342, -0.461940; +0.000000, -0.277785, -0.415735; +0.000000, -0.353553, -0.353553; +0.000000, -0.415735, -0.277785; +0.000000, -0.461940, -0.191342; +0.000000, -0.490393, -0.097545
rotational_symmetry_count = 30
rotational_symmetry_radius = 1.8000
rotational_symmetry_axis = 2
rotational_symmetry_offset = 0.0000
wire_stretch = +1.000000, +1.500000, +1.500000
field_distance_limit = 0.0008
field_type = 1
color_metric = Magnitude
alpha_metric = Magnitude
backend = 1
display_magnitude_labels = False

